function [params,y0] = ODEfun_loadParams() 
% ODEfun_loadParams.m 
% Automatically generated by Netflux on 27-Feb-2024
 
% species parameters 
speciesNames = {'Akt','AP1','apoptosis','ASK1','Bad','Bax','Bcl2','Bcl2t','Bim','CAD','cas3','cas9','cellDeath','CREB','cytc','DNAfrag','EGF','EGFR','ERBB','ERK12','FGF','FGFR','FLT3','FLT3L','iCAD','iCADt','IGF1','IGF1R','IkB','IKK','JAK','JNK','KIT','LRP1','LRP1ag','MEK12','MEK36','MEK47','MOMP','NFkB','NOX','Noxa','NRG1','p38','p53','PARP','PDGF','PDGFR','PDK1','PI3K','PKC','PUMA','Raf','Ras','ROS','RSK','SCF','Shc1','Shp2','Smac','Src','STAT','Trx','Trxt','VEGF','VEGFR','xIAP','xIAPt',}; 
tau = [1, 1, 1, 1, 1, 1, 1, 1, 1, 1, 1, 1, 1, 1, 1, 1, 1, 1, 1, 1, 1, 1, 1, 1, 1, 1, 1, 1, 1, 1, 1, 1, 1, 1, 1, 1, 1, 1, 1, 1, 1, 1, 1, 1, 1, 1, 1, 1, 1, 1, 1, 1, 1, 1, 1, 1, 1, 1, 1, 1, 1, 1, 1, 1, 1, 1, 1, 1, ]; 
ymax = [1, 1, 1, 1, 1, 1, 1, 1, 1, 1, 1, 1, 1, 1, 1, 1, 1, 1, 1, 1, 1, 1, 1, 1, 1, 1, 1, 1, 1, 1, 1, 1, 1, 1, 1, 1, 1, 1, 1, 1, 1, 1, 1, 1, 1, 1, 1, 1, 1, 1, 1, 1, 1, 1, 1, 1, 1, 1, 1, 1, 1, 1, 1, 1, 1, 1, 1, 1, ];
 
% reaction parameters 
w = [1, 2.500000e-01, 1.750000e-01, 1.750000e-01, 1.750000e-01, 1, 1.750000e-01, 1.750000e-01, 1.750000e-01, 5.000000e-02, 1.750000e-01, 1, 1.750000e-01, 1, 1, 1, 1, 1, 1, 1, 1, 1, 1, 1, 1, 1, 1, 1, 1, 1, 1, 1, 1, 1, 1, 0, 1, 1, 1, 1, 1, 1, 1, 1, 1, 1, 1, 1, 1, 1, 1, 1, 1, 1, 1, 1, 1, 1, 1, 1, 1, 1, 1, 1, 1, 1, 1, 1, 1, 1, 1, 1, 1, 1, 1, 1, 1, 1, 1, 1, 1, 1, 1, 1, 1, 1, 1, 1, 1, 1, 1, 1, 1, 1, 1, 1, 1, 1, 1, 1, 1, 1, 1, 1, 1, 1, 1, 1, 1, 1, 1, ]; 
n = [1.400000e+00, 1.400000e+00, 1.400000e+00, 1.400000e+00, 1.400000e+00, 1.400000e+00, 1.400000e+00, 1.400000e+00, 1.400000e+00, 1.400000e+00, 1.400000e+00, 1.400000e+00, 1.400000e+00, 1.400000e+00, 1.400000e+00, 1.400000e+00, 1.400000e+00, 1.400000e+00, 1.400000e+00, 1.400000e+00, 1.400000e+00, 1.400000e+00, 1.400000e+00, 1.400000e+00, 1.400000e+00, 1.400000e+00, 1.400000e+00, 1.400000e+00, 1.400000e+00, 1.400000e+00, 1.400000e+00, 1.400000e+00, 1.400000e+00, 1.400000e+00, 1.400000e+00, 1.400000e+00, 1.400000e+00, 1.400000e+00, 1.400000e+00, 1.400000e+00, 1.400000e+00, 1.400000e+00, 1.400000e+00, 1.400000e+00, 1.400000e+00, 1.400000e+00, 1.400000e+00, 1.400000e+00, 1.400000e+00, 1.400000e+00, 1.400000e+00, 1.400000e+00, 1.400000e+00, 1.400000e+00, 1.400000e+00, 1.400000e+00, 1.400000e+00, 1.400000e+00, 1.400000e+00, 1.400000e+00, 1.400000e+00, 1.400000e+00, 1.400000e+00, 1.400000e+00, 1.400000e+00, 1.400000e+00, 1.400000e+00, 1.400000e+00, 1.400000e+00, 1.400000e+00, 1.400000e+00, 1.400000e+00, 1.400000e+00, 1.400000e+00, 1.400000e+00, 1.400000e+00, 1.400000e+00, 1.400000e+00, 1.400000e+00, 1.400000e+00, 1.400000e+00, 1.400000e+00, 1.400000e+00, 1.400000e+00, 1.400000e+00, 1.400000e+00, 1.400000e+00, 1.400000e+00, 1.400000e+00, 1.400000e+00, 1.400000e+00, 1.400000e+00, 1.400000e+00, 1.400000e+00, 1.400000e+00, 1.400000e+00, 1.400000e+00, 1.400000e+00, 1.400000e+00, 1.400000e+00, 1.400000e+00, 1.400000e+00, 1.400000e+00, 1.400000e+00, 1.400000e+00, 1.400000e+00, 1.400000e+00, 1.400000e+00, 1.400000e+00, 1.400000e+00, 1.400000e+00, ]; 
EC50 = [5.000000e-01, 5.000000e-01, 5.000000e-01, 5.000000e-01, 5.000000e-01, 5.000000e-01, 5.000000e-01, 5.000000e-01, 5.000000e-01, 5.000000e-01, 5.000000e-01, 5.000000e-01, 5.000000e-01, 5.000000e-01, 5.000000e-01, 5.000000e-01, 5.000000e-01, 5.000000e-01, 5.000000e-01, 5.000000e-01, 5.000000e-01, 5.000000e-01, 5.000000e-01, 5.000000e-01, 5.000000e-01, 5.000000e-01, 5.000000e-01, 5.000000e-01, 5.000000e-01, 5.000000e-01, 5.000000e-01, 5.000000e-01, 5.000000e-01, 5.000000e-01, 5.000000e-01, 5.000000e-01, 5.000000e-01, 5.000000e-01, 5.000000e-01, 5.000000e-01, 5.000000e-01, 5.000000e-01, 5.000000e-01, 5.000000e-01, 5.000000e-01, 5.000000e-01, 5.000000e-01, 5.000000e-01, 5.000000e-01, 5.000000e-01, 5.000000e-01, 5.000000e-01, 5.000000e-01, 5.000000e-01, 5.000000e-01, 5.000000e-01, 5.000000e-01, 5.000000e-01, 5.000000e-01, 5.000000e-01, 5.000000e-01, 5.000000e-01, 5.000000e-01, 5.000000e-01, 5.000000e-01, 5.000000e-01, 5.000000e-01, 5.000000e-01, 5.000000e-01, 5.000000e-01, 5.000000e-01, 5.000000e-01, 5.000000e-01, 5.000000e-01, 5.000000e-01, 5.000000e-01, 5.000000e-01, 5.000000e-01, 5.000000e-01, 5.000000e-01, 5.000000e-01, 5.000000e-01, 5.000000e-01, 5.000000e-01, 5.000000e-01, 5.000000e-01, 5.000000e-01, 5.000000e-01, 5.000000e-01, 5.000000e-01, 5.000000e-01, 5.000000e-01, 5.000000e-01, 5.000000e-01, 5.000000e-01, 5.000000e-01, 5.000000e-01, 5.000000e-01, 5.000000e-01, 5.000000e-01, 5.000000e-01, 5.000000e-01, 5.000000e-01, 5.000000e-01, 5.000000e-01, 5.000000e-01, 5.000000e-01, 5.000000e-01, 5.000000e-01, 5.000000e-01, 5.000000e-01, ]; 
rpar = [w;n;EC50];
 
params = {rpar,tau,ymax,speciesNames};
 
y0 = [0, 0, 0, 0, 0, 0, 0, 0, 0, 0, 0, 0, 0, 0, 0, 0, 0, 0, 0, 0, 0, 0, 0, 0, 0, 1, 0, 0, 0, 0, 0, 0, 0, 0, 0, 0, 0, 0, 0, 0, 0, 0, 0, 0, 0, 0, 0, 0, 0, 0, 0, 0, 0, 0, 0, 0, 0, 0, 0, 0, 0, 0, 0, 1, 0, 0, 0, 1, ]; 
